 [35m[i: 0] [j: 1] [p: 5] [(int)(m).size(): 12] [m: [(0, 3), (1, 8), (3, 12), (4, 1), (5, 24), (6, 18), (7, 10), (9, 0), (12, 2), (14, 5), (19, 15), (24, 19)]][0m 
 [35m[i: 1] [j: 3] [p: 0] [(int)(m).size(): 12] [m: [(6, 2), (7, 13), (9, 20), (11, 3), (13, 6), (14, 0), (16, 11), (17, 5), (20, 17), (21, 12), (22, 21), (23, 24)]][0m 
 [35m[i: 1] [j: 4] [p: 19] [(int)(m).size(): 12] [m: [(2, 4), (6, 11), (8, 24), (13, 1), (15, 18), (16, 15), (18, 17), (19, 5), (21, 13), (22, 12), (23, 16), (24, 3)]][0m 
 [35m[i: 2] [j: 4] [p: 25] [(int)(m).size(): 12] [m: [(0, 14), (1, 18), (7, 23), (8, 22), (11, 11), (12, 19), (13, 6), (16, 1), (19, 5), (20, 7), (23, 13), (25, 24)]][0m 
1 1 1 1 1 1 1 1 1 1 1 1 1 1 1 1 1 1 1 1 1 1 1 1 1
0 0 0 0 1 0 1 1 0 1 0 1 0 1 1 0 1 1 0 0 1 1 1 1 0
1 0 1 1 1 1 1 1 1 1 1 0 1 1 1 1 0 1 1 0 1 1 1 0 1
0 1 0 0 1 0 0 1 1 1 1 0 0 0 1 1 1 0 1 1 0 0 1 1 0
1 0 1 0 0 0 0 0 1 1 1 0 0 0 0 0 0 0 0 0 1 1 0 0 0
78
